1948Q1	3633.241579890416	2993.942974369628	639.2986055207875	2.875003245994443
1948Q2	3699.643072298912	3022.144416445881	677.4986558530314	2.867211235125314
1948Q3	3698.825170219566	3016.73623957617	682.0889306433961	2.878284535443442
1948Q4	3684.331819515041	3035.748244174915	648.5835753401257	2.846960383944715
1949Q1	3586.208339098898	3035.932074670237	550.2762644286619	2.794534566037979
1949Q2	3550.723241973073	3074.741424141451	475.9818178316223	2.741077447562549
1949Q3	3587.194524652509	3073.160425376622	514.0340992758865	2.7047653193846
1949Q4	3596.747988240665	3109.329264594632	487.4187236460325	2.686184695626638
1950Q1	3753.103119032463	3151.814131126671	601.2889879057926	2.699083386378103
1950Q2	3858.776554381533	3194.857503784981	663.9190505965512	2.758151596040132
1950Q3	4071.08584458978	3351.597016579835	719.4888280099447	2.838999825808802
1950Q4	4071.399314805349	3258.643517798233	812.7557970071155	2.872426154241825
1951Q1	4078.617663821293	3346.711156818233	731.9065070030599	2.928810450940375
1951Q2	4008.117504465425	3257.92612911457	750.1913753508548	2.957610359785659
1951Q3	3989.280293851314	3294.587855676152	694.6924381751629	2.92737893300343
1951Q4	3945.471614052953	3307.503818737271	637.9677953156823	2.923052443991853
1952Q1	3965.161003210528	3311.214596776758	653.946406433771	2.938567659493309
1952Q2	3975.223795314583	3371.452606183734	603.7711891308488	2.92238588026157
1952Q3	4011.195210550963	3377.074183300214	634.1210272507499	2.934024833242624
1952Q4	4162.133525065514	3484.5274022497	  677.6061228158141	3.002298894071124
1953Q1	4179.634768261587	3493.887805609719	685.7469626518674	3.005849707514624
1953Q2	4195.560530566174	3507.330518779972	688.2300117862021	3.004583523014274
1953Q3	4163.723986447596	3491.47063490335	672.253351544246	2.968088383076296
1953Q4	4078.245635794239	3456.637003503767	621.6086322904716	2.911500418591672
1954Q1	4072.242993542008	3457.188764947625	615.0542285943824	2.862435497327195
1954Q2	4104.615583719274	3492.655555247419	611.9600284718562	2.832968191020272
1954Q3	4171.302984661728	3531.337411243968	639.9655734177604	2.814944825254357
1954Q4	4259.969113672715	3594.212490577832	665.7566230948834	2.841266339418675
1955Q1	4393.370618007215	3663.280297870131	730.0903201370839	2.877989926418259
1955Q2	4490.856692462896	3719.632624368155	771.224068094741	2.904695968667167
1955Q3	4534.113350179432	3753.515081100922	780.5982690785103	2.925530333595226
1955Q4	4586.789610295318	3790.182055796562	796.6075544987566	2.952843373931352
1956Q1	4557.927289183889	3786.091416503244	771.8358726806457	2.962763614421481
1956Q2	4551.95072857087	3788.327822290688	763.6229062801816	2.961069673820491
1956Q3	4540.409191816164	3785.77428451431	754.634907301854	2.940565188696226
1956Q4	4572.336243953658	3827.031974944136	745.3042690095216	2.94838958638081
1957Q1	4575.263828428725	3843.302174178977	731.9616542497487	2.943439123287018
1957Q2	4568.017112121284	3838.847966299355	729.1691458219292	2.92863602827427
1957Q3	4599.056603773584	3855.931952136428	743.124651637157	2.904456672556716
1957Q4	4526.177136832282	3842.842671376297	683.3344654559845	2.833350561286722
1958Q1	4412.894565642948	3777.718576781893	635.1759888610547	2.760174149051099
1958Q2	4419.458830990382	3798.708734101399	620.7500968889829	2.713455237289927
1958Q3	4517.05368932977	3850.58514547387	666.4685438558993	2.738217304612358
1958Q4	4608.064751348987	3887.487239317486	720.5775120315007	2.7684876768266
1959Q1	4700.371647832442	3943.27358104044	757.0980667920022	2.811435943779185
1959Q2	4802.239032821199	3989.308574853004	812.930457968195	2.854636569711393
1959Q3	4774.312567070145	4016.636280765725	757.6762863044205	2.83610652758386
1959Q4	4788.298624890009	4008.436998567953	779.8616263220552	2.827533256267362
1960Q1	4871.787914532892	4019.230384750502	852.5575297823907	2.825778369315926
1960Q2	4829.683005325965	4058.770755603657	770.9122497223092	2.82280766711287
1960Q3	4796.186047303916	4029.647988689306	766.5380586146102	2.797863913943327
1960Q4	4699.79319495407	4020.604119692311	679.1890752617598	2.762128932054216
1961Q1	4699.193546113884	4004.927233110555	694.266313003329	2.736660812993463
1961Q2	4791.968711015207	4051.468356991132	740.5003540240736	2.721484203783
1961Q3	4854.384569274122	4058.800791031983	795.5837782421386	2.729077148027182
1961Q4	4941.074310133149	4133.537862622319	807.53644751083	        2.7593835036035
1962Q1	5020.578774543748	4170.971362834231	849.6074117095182	2.765117162195367
1962Q2	5046.347556599102	4206.54151528134	839.8060413177618	2.787797183537437
1962Q3	5071.738335770305	4221.429283530506	850.3090522397981	2.769307457131463
1962Q4	5078.04217141189	4257.277556404333	820.7646150075591	2.736256564326962
1963Q1	5124.753370601774	4265.04439329168	859.7089773100954	2.739460703715883
1963Q2	5157.094133697135	4287.38062755798	869.7135061391541	2.744889495225102
1963Q3	5220.72829740577	4328.087084826729	892.6412125790402	2.741019920708461
1963Q4	5245.612421056049	4345.773150127447	899.8392709286027	2.750707586736875
1964Q1	5342.419245319624	4412.810812558606	929.6084327610179	2.789989329711902
1964Q2	5394.998510502967	4472.516766905791	922.4817435971756	2.790995386584865
1964Q3	5475.017235942687	4535.057105751194	939.9601301914927	2.796792244093015
1964Q4	5472.747008915387	4527.931422551062	944.8155863643258	2.811579627900295
1965Q1	5640.07185209913	4609.58239941501	1030.489452684121	2.843578616052268
1965Q2	5670.903544834211	4641.809200631178	1029.094344203032	2.860153994733148
1965Q3	5767.485896879562	4706.102804844372	1061.383092035189	2.857390824095625
1965Q4	5886.835924803674	4822.113821990627	1064.722102813047	2.874796858781467
1966Q1	6026.915254591749	4880.154443788003	1146.760810803746	2.908494408340174
1966Q2	6005.380520638362	4878.834011981043	1126.54650865732	2.92880194783189
1966Q3	6035.466505155952	4920.314737939335	1115.151767216618	2.934128063093156
1966Q4	6044.107699604251	4925.865165569093	1118.242534035159	2.917545892067145
1967Q1	6025.286014294903	4938.057143447567	1087.228870847336	2.904598185110466
1967Q2	6030.788947478132	4986.798119311032	1043.9908281671	        2.876064449883036
1967Q3	6057.088786853676	4987.682363756956	1069.40642309672	2.871356246014694
1967Q4	6082.83283028103	4995.322123424563	1087.510706856467	2.871349471795081
1968Q1	6199.197056381269	5094.1973230134	        1104.999733367869	2.865274593005096
1968Q2	6297.815694303493	5154.414797905536	1143.400896397958	2.883010196463504
1968Q3	6337.618147448014	5229.867674858223	1107.750472589792	2.89138752362949
1968Q4	6342.940999397954	5228.58970499699	1114.351294400963	2.895424443106562
1969Q1	6438.236087386496	5263.493062423208	1174.743024963289	2.90946687044862
1969Q2	6438.761779928916	5275.691996985532	1163.069782943384	2.924511454729506
1969Q3	6460.306846465323	5278.613618633679	1181.693227831643	2.925977933801404
1969Q4	6414.390989303496	5295.139744664071	1119.251244639424	2.903051215063834
1970Q1	6380.486405507921	5300.30722154523	1080.179183962692	2.876652878884097
1970Q2	6373.253176596835	5296.441723776309	1076.811452820525	2.823598273297076
1970Q3	6400.957397276219	5312.791002211617	1088.166395064602	2.793359329530904
1970Q4	6291.753961729202	5267.41822793233	1024.335733796871	2.75593144333998
1971Q1	6475.769657708805	5338.455194305457	1137.314463403348	2.753505745610775
1971Q2	6519.826834047706	5356.785273265598	1163.041560782107	2.746716188060513
1971Q3	6540.416492811896	5369.741683419945	1170.674809391951	2.731569813754126
1971Q4	6560.743036975048	5428.153840713806	1132.589196261242	2.745243455404817
1972Q1	6632.095306468756	5438.258712961755	1193.836593507002	2.747519906017491
1972Q2	6767.939787978001	5513.058922824364	1254.880865153637	2.752696649013625
1972Q3	6834.568049302531	5568.503671857702	1266.06437744483	2.753547309764559
1972Q4	6939.88224356988	5671.934717487863	1267.947526082016	2.769052783803326
1973Q1	7081.181932572567	5745.924232632171	1335.257699940396	2.796436572404674
1973Q2	7099.082377050112	5713.957910664102	1385.124466386011	2.811156877401121
1973Q3	7032.727971340423	5704.736288946398	1327.991682394024	2.815572909014884
1973Q4	7027.781900611229	5659.432218369247	1368.349682241982	2.815295562182073
1974Q1	6865.04385179882	5581.371934848757	1283.671916950063	2.789001252908539
1974Q2	6844.559700828066	5572.578131956193	1271.981568871872	2.782098655507079
1974Q3	6767.531794442451	5567.515847386676	1200.015947055775	2.758561575569111
1974Q4	6659.867903446543	5458.569416804956	1201.298486641587	2.699410920775126
1975Q1	6480.474250047153	5477.594624113412	1002.87962593374	2.602124738465047
1975Q2	6511.297184380615	5542.77999576533	968.5171886152846	2.565922252320884
1975Q3	6627.859277635615	5590.119742933605	1037.73953470201	2.574727013458871
1975Q4	6682.969445518337	5621.650983026247	1061.31846249209	2.606061653229202
1976Q1	6865.065290988232	5706.75479606642	1158.310494921812	2.636556504916976
1976Q2	6932.012471085186	5733.31821167891	1198.694259406275	2.625655598614229
1976Q3	6963.350227863196	5766.269858171133	1197.080369692065	2.623412411090762
1976Q4	7016.511684115455	5815.820941089669	1200.690743025785	2.625815725534594
1977Q1	7107.499598929353	5856.634130689927	1250.865468239427	2.64221542982108
1977Q2	7195.765583865769	5861.401345079492	1334.364238786277	2.680011009397907
1977Q3	7283.462509068786	5888.490013360124	1394.972495708662	2.695508364189852
1977Q4	7304.686930837744	5950.718224224169	1353.968706613574	2.709773302998828
1978Q1	7333.891553330045	5959.447528011175	1374.444025318869	2.710598856754392
1978Q2	7517.706200884898	6060.34966651258	1457.356534372317	2.777842897708513
1978Q3	7551.073860660031	6057.991557020922	1493.082303639109	2.788475641697224
1978Q4	7598.574443026794	6078.092796152714	1520.48164687408	2.809132397683776
1979Q1	7597.721411283838	6081.596844091526	1516.124567192312	2.816428474013218
1979Q2	7560.931362016613	6052.545698521512	1508.385663495101	2.815977557151023
1979Q3	7560.396610969756	6084.152712172543	1476.243898797213	2.826652192599259
1979Q4	7511.682899607359	6069.085682626605	1442.597216980754	2.817626323861219
1980Q1	7460.617605494446	6034.036463070197	1426.581142424248	2.798977386979873
1980Q2	7175.553064528012	5875.346194203252	1300.206870324761	2.739456880777785
1980Q3	7123.581291688808	5914.110149663317	1209.471142025491	2.715604006884354
1980Q4	7289.544559072559	5971.77131723973	1317.773241832829	2.739652348141899
1981Q1	7417.488288565031	5982.431370695715	1435.056917869316	2.745243060273277
1981Q2	7332.604531394746	5961.733972899559	1370.870558495187	2.737172039127635
1981Q3	7408.340146859193	5965.518995066878	1442.821151792316	2.727015597432116
1981Q4	7287.400262393	        5900.77216840718	1386.62809398582	2.7073460293077
1982Q1	7168.492743313293	5922.261030805204	1246.231712508091	2.655859869268851
1982Q2	7166.899197767701	5926.055109870945	1240.844087896756	2.658074642483432
1982Q3	7179.967733521395	5954.469486924349	1225.498246597046	2.631599895665279
1982Q4	7172.081411878923	6044.780000693457	1127.301411185465	2.599909850559966
1983Q1	7250.943776836402	6087.432638828851	1163.51113800755	2.60817843866171
1983Q2	7455.132676211792	6191.748168133183	1263.384508078609	2.630507097525831
1983Q3	7621.410610148505	6282.626474162507	1338.784135985998	2.674713574906181
1983Q4	7828.22172387973	6363.377415685594	1464.844308194135	2.71695395455091
1984Q1	7990.58318596832	6390.787346594919	1599.795839373402	2.757568742932172
1984Q2	8112.972580132329	6465.424243341862	1647.548336790467	2.787128862779536
1984Q3	8176.461816658046	6497.765135356541	1678.696681301506	2.79245204667545
1984Q4	8215.609045591149	6563.736716616766	1651.872328974383	2.802379388667983
1985Q1	8263.748974307456	6660.711234455007	1603.03773985245	2.819104450707611
1985Q2	8333.692367923663	6707.218843134353	1626.473524789309	2.830594992123093
1985Q3	8429.302742694865	6818.156341080637	1611.146401614229	2.83088707869367
1985Q4	8481.163216112604	6815.527307003067	1665.635909109537	2.835856205595151
1986Q1	8496.439137236874	6839.414543000985	1657.024594235888	2.817934440086306
1986Q2	8520.376662316393	6896.880002661924	1623.496659654467	2.80357215479091
1986Q3	8577.12435046921	7001.7990551274	        1575.325295341811	2.80975545016009
1986Q4	8601.561121566781	7026.011953772864	1575.549167793919	2.822788625536669
1987Q1	8614.909414583042	7002.558589314364	1612.350825268679	2.84664947509542
1987Q2	8687.771649804596	7079.239563168852	1608.532086635743	2.854629460535446
1987Q3	8746.639638064431	7142.135113869826	1604.504524194606	2.866929667351489
1987Q4	8849.139082232772	7139.567333634932	1709.57174859784	2.889347948132362
1988Q1	8869.917122967483	7246.802874423357	1623.114248544126	2.884066374102648
1988Q2	8941.271006276574	7283.230411014376	1658.040595262199	2.918596158852283
1988Q3	8990.732542139974	7327.540345631634	1663.192196508338	2.919492679267331
1988Q4	9079.593709514898	7394.873686483374	1684.720023031524	2.9453073269037
1989Q1	9145.182822015438	7408.248073810644	1736.934748204795	2.96594762774574
1989Q2	9143.400401766052	7426.897914898646	1716.502486867407	2.971317771165229
1989Q3	9181.021316275073	7483.695273549633	1697.326042725439	2.971281173690218
1989Q4	9181.218173684127	7499.959896836841	1681.258276847286	2.965067471344062
1990Q1	9188.298656727239	7504.124238143147	1684.174418584091	2.948445697089075
1990Q2	9192.9584348627	        7511.790933905485	1681.167500957214	2.926057214040077
1990Q3	9169.266166482999	7524.715786064099	1644.550380418901	2.900714363674132
1990Q4	8996.460667943587	7447.607878525068	1548.852789418521	2.87814058662322
1991Q1	8900.169056524442	7406.121072501599	1494.047984022845	2.841957551921376
1991Q2	8944.397141793146	7453.227196673934	1491.169945119211	2.818893397696021
1991Q3	8988.26923211084	7471.170146713082	1517.099085397758	2.808823016443306
1991Q4	9015.230836661147	7448.57831610291	1566.652520558238	2.797652673614494
1992Q1	9106.094157827512	7571.664838673849	1534.429319153663	2.777045038040762
1992Q2	9224.22600083114	7606.489818534423	1617.736182296717	2.782999722953318
1992Q3	9294.68305377733	7668.204181510794	1626.478872266536	2.78097580097846
1992Q4	9406.909220500407	7735.81511138045	1671.094109119958	2.791261726409881
1993Q1	9451.536789177047	7745.510185156565	1706.026604020483	2.808413959383017
1993Q2	9508.73444744083	7797.010619086943	1711.723828353887	2.834556064598589
1993Q3	9558.077183341194	7862.386449853384	1695.690733487809	2.841593700658232
1993Q4	9689.143803579371	7909.554700160003	1779.589103419367	2.857515297437392
1994Q1	9825.186653429798	7981.346556601207	1843.840096828592	2.862223249741609
1994Q2	9955.246740822911	8025.310143393615	1929.936597429295	2.904132870620083
1994Q3	9959.020553159096	8065.846231920832	1893.174321238264	2.931763511799036
1994Q4	10095.36067692079	8129.90678169102	1965.453895229773	2.940324087975411
1995Q1	10123.71008985153	8139.825754742726	1983.884335108802	2.956671147451512
1995Q2	10134.36165187674	8195.716161220534	1938.645490656209	2.950230884184728
1995Q3	10171.79978572183	8249.583767171175	1922.216018550655	2.975840890914304
1995Q4	10249.60078922507	8284.856743944956	1964.744045280116	2.970027840248806
1996Q1	10334.44958353356	8343.970246676278	1990.47933685728	2.958883950024027
1996Q2	10495.09185504246	8413.374320532323	2081.717534510134	2.975174672707119
1996Q3	10611.41915429284	8440.018986007776	2171.400168285069	2.990355971049657
1996Q4	10644.80981911803	8480.703937310132	2164.105881807893	3.018564725036898
1997Q1	10731.08449291569	8530.444492388672	2200.640000527021	3.036823910920359
1997Q2	10867.68248792946	8550.531958600243	2317.150529329209	3.048403795525435
1997Q3	11026.51204720538	8674.11080150795	2352.401245697427	3.058967382396328
1997Q4	11131.71495539436	8752.651984452589	2379.062970941769	3.064736207229089
1998Q1	11302.50250739989	8823.112111353017	2479.39039604687	3.074928447369065
1998Q2	11413.09387277031	8956.589639101046	2456.504233669261	3.081447500061004
1998Q3	11563.87075633306	9048.816769622093	2515.053986710963	3.077748650332226
1998Q4	11732.66558088156	9154.397672300997	2578.26790858056	3.111505386604733
1999Q1	11848.6436319341	9206.843713142172	2641.799918791933	3.100407973858736
1999Q2	11955.14185394387	9318.128861713496	2637.012992230373	3.113941137241983
1999Q3	12091.33178771764	9396.224510559484	2695.107277158161	3.125257357830328
1999Q4	12271.97790348269	9505.999383367866	2765.978520114827	3.126545374380373
2000Q1	12220.44464189502	9517.288478443754	2703.156163451268	3.09522369154859
2000Q2	12434.74430131642	9578.924058386182	2855.82024293024	3.088936214321388
2000Q3	12452.4074920627	9641.35757628891	2811.049915773786	3.078753076292043
2000Q4	12502.32174826474	9697.962012296289	2804.359735968446	3.056803619898202
2001Q1	12382.82399428307	9714.340428115702	2668.483566167369	3.043871817506691
2001Q2	12361.59340087891	9710.543350196443	2651.050050682467	3.004223797630265
2001Q3	12310.50729963715	9714.900234423962	2595.607065213187	2.962153296248443
2001Q4	12292.25631810715	9831.838478564323	2460.417839542829	2.919324114848034
2002Q1	12377.92157441938	9836.197983975188	2541.72359044419	2.885767824834768
2002Q2	12422.67242265708	9861.827071673131	2560.845350983946	2.886387737469134
2002Q3	12453.20171419042	9900.50535263761	2552.696361552808	2.868723062776639
2002Q4	12463.33673464719	9922.989983664542	2540.346750982644	2.862768425435727
2003Q1	12439.27260391805	9895.650343465672	2543.622260452381	2.827622030263748
2003Q2	12525.02559178164	9975.699131238279	2549.326460543361	2.811146240046382
2003Q3	12719.70150691157	10089.03930249286	2630.66220441871	2.805753771793336
2003Q4	12846.5479052288	10132.4631426142	2714.084762614591	2.810591052851789
2004Q1	12941.97143319722	10227.29316951195	2714.678263685261	2.821799276835345
2004Q2	13069.27584763499	10265.24098546911	2804.034862165879	2.815601267715123
2004Q3	13168.81258941345	10330.60622317597	2838.206366237482	2.824973175965665
2004Q4	13288.14979190618	10402.24046199503	2885.909329911148	2.830895917439777
2005Q1	13412.84583048196	10452.90128778251	2959.944542699455	2.828002381819959
2005Q2	13450.81843721474	10536.76985385999	2914.04858335475	2.838138199349504
2005Q3	13517.99071646348	10583.31996107569	2934.670755387793	2.834852863454282
2005Q4	13599.3811510766	10587.00417260868	3012.376978467931	2.843289494533355
2006Q1	13723.65507521685	10679.05182418618	3044.603251030673	2.86186119823033
2006Q2	13720.34501778788	10704.46725366191	3015.877764125972	2.861333317768329
2006Q3	13708.05630262735	10732.48833816485	2975.567964462494	2.868588899765672
2006Q4	13703.37021957755	10807.49556321119	2895.874656366357	2.868331767407871
2007Q1	13677.47841933351	10819.97146644564	2857.506952887867	2.857286020002368
2007Q2	13715.21327792225	10826.543748542	  2888.669529380254	2.859539834630771
2007Q3	13702.35993281943	10840.61840575341	2861.741527066017	2.842048146074674
2007Q4	13616.36210128647	10820.32312073382	2796.038980552654	2.826433508392839
2008Q1	13507.45253572349	10804.02909424129	2703.423441482203	2.819661521720455
2008Q2	13442.54744869543	10794.20333319052	2648.344115504905	2.798954629193265
2008Q3	13251.12375788624	10684.17170821166	2566.952049674583	2.76067267428036
2008Q4	12854.99840306612	10523.47492813798	2331.523474928138	2.683615458320026
2009Q1	12545.61979061722	10483.47045284915	2062.149337768078	2.611787643067352
2009Q2	12344.91306354388	10411.98904835655	1932.924015187336	2.549102605120771
2009Q3	12358.0538177752	10447.04840888972	1911.005408885482	2.511408639815665
2009Q4	12476.18685556668	10417.37947697676	2058.807378589924	2.506279066820423
2010Q1	12585.21580502652	10461.87071811238	2123.345086914144	2.503608353997038
2010Q2	12752.62519683713	10524.36570023494	2228.259496602191	2.519380563017356
2010Q3	12860.78472822062	10565.88096781374	2294.903760406882	2.524345838157329
2010Q4	12915.39013648284	10646.85519749097	2268.534938991865	2.5320959485236
2011Q1	12919.10600023725	10693.98022482573	2225.125775411518	2.535456454842964
2011Q2	13001.32460846747	10694.7508733223	2306.573735145164	2.550218121646693
2011Q3	13023.87533299148	10716.38505696812	2307.490276023363	2.557049414060057
2011Q4	13195.55548777614	10727.38716806185	2468.168319714291	2.567435747420608
2012Q1	13200.70039103104	10711.69298289033	2489.007408140705	2.566029797554818
2012Q2	13240.6143461768	10721.76758288117	2518.846763295628	2.563321694871074
2012Q3	13269.71555730732	10747.07263799248	2522.642919314841	2.569468394343992
2012Q4	13254.03716278479	10771.8424533827	2482.194709402094	2.577010185568193
2013Q1	13359.03611505189	10837.88526942651	2521.150845625376	2.580114529072032
2013Q2	13419.99619611732	10861.85113233436	2558.145063782961	2.583882405684087
2013Q3	13542.39086684474	10889.22634076134	2653.164526083404	2.589849610304072
2013Q4	13633.4600976351	10962.04776846611	2671.412329168993	2.592589087635005
2014Q1	13590.91571355723	10972.19186841829	2618.723845138939	2.600835336684393
2014Q2	13746.89550731954	11017.26400807673	2729.631499242806	2.611505300353357
2014Q3	13848.19752436558	11077.81275094065	2770.384773424932	2.621476088293509
2014Q4	13979.81723391487	11166.59388529298	2813.223348621887	2.647528290968323